0
0
0
0
0
0
0
0
0
0
0
0
0
0
0
0
0
0
0
0
0
0
0
0
0
0
0
0
0
0
0
78
519
0
214
275037
10100
0
0
52
26
0
30441
33
0
0
0
0
3533
0
160
0
21
18
14
102
84
75
0
28
315
31
1440
0
298
16414
0
0
0
40
128
53
0
0
0
0
0
0
0
0
0
0
0
0
0
0
0
0
0
0
0
0
0
0
0
0
0
0
0
0
0
0
0
0
0
0
2717
0
0
0
0
13466
835
1030643
0
176840
6475
73
191
172
5111
0
10339
480
32653680
764724
693894
0
978570
126820
1860
47039
108724
1377181
726470
0
0
1826
25068
0
3006754
0
0
0
0
0
32168
0
0
33914
35156
22752
194
0
0
0
0
0
0
241120
20
0
1681
0
0
0
28963
0
0
9370
2010
0
43769
0
231579
0
100517
20236
0
0
4173
9663
450880
225030
0
307590
121477
0
1946
14670
537260
20000
28636
49010
12656
410900
96220
0
255042
0
3577
617186
0
7875
3208
0
5007
117040
2750
67740
267250
0
31875
14032
133065
34178
11186
5314
0
799486
0
0
3053691
84455
0
48112
0
5000
0
20211
0
0
0
0
0
0
20
0
13299
1410
0
0
108997
28710
1192
34
286
0
240
603
0
223
0
705111
72
0
5479
789
462
0
0
0
164
0
1381
63755
178430
1692
0
6692
0
11256
1661
1090
5018
0
273
22975
56
66
2286
106
350
1000
611
5017
0
107
0
119
5097
3390
10000
0
171
261
705111
15376
13599
335
0
0
238
13000
6620
15180
82058
7303
33968
0
67662
12231
11177
31179
5780
17611
106014
623
29680
30
7722
14109